450 1076 {src} {dest} 30.0
75617751 105.8532306 21.025479
75617760 105.8510021 21.0314055
75617763 105.8538796 21.0302875
75618029 105.8551489 21.0249186
75618721 105.8513234 21.0323034
75619046 105.8507011 21.0323117
75619049 105.8519096 21.0322647
81794043 105.8474725 21.0304548
81794511 105.8518914 21.033072
81794512 105.8521568 21.0347124
81794516 105.853446 21.0348609
81795093 105.8500374 21.0352977
81795094 105.8506755 21.0340786
81796035 105.8546854 21.0372334
81817652 105.8571407 21.0245237
84782074 105.8520449 21.0339261
84782080 105.849926 21.0340044
84782082 105.8479466 21.0338086
84782084 105.84701 21.0337207
84782085 105.845895 21.0336305
84782086 105.8455033 21.033579
84782318 105.8470901 21.0365581
84782319 105.8470504 21.0355456
84782320 105.8469984 21.034437
84782621 105.8493988 21.0352811
84782624 105.8475599 21.0354784
84782856 105.8486639 21.0367611
84783146 105.8476925 21.0324873
84783147 105.8480475 21.0342784
84783149 105.848386 21.0361504
84783150 105.8484865 21.0367305
84783329 105.8449379 21.0348636
84783436 105.8458767 21.0337478
84783694 105.8480556 21.0324216
84783699 105.8469055 21.0326329
84784225 105.8494544 21.0368842
84784226 105.8478139 21.0366504
84784227 105.8461303 21.0366717
84785920 105.8537561 21.0368066
84786846 105.8533936 21.0338224
84786853 105.8533831 21.0355166
84787075 105.8544138 21.0338031
84790870 105.8548244 21.035533
84791963 105.8555322 21.0339439
84792594 105.8549365 21.0352966
84796872 105.8543771 21.0354011
84796875 105.8545339 21.0350459
84797193 105.8553073 21.0338883
84798026 105.8535439 21.0367215
84799740 105.8607784 21.0240266
84807329 105.8591225 21.0260143
84833588 105.8415526 21.0276318
92383107 105.8442319 21.0280174
98009137 105.8513222 21.0247186
98009339 105.8508198 21.023226
98009340 105.8502802 21.0215614
98009342 105.8493412 21.0187503
98009380 105.8476612 21.0190967
98009579 105.8500986 21.0263959
98009580 105.8496991 21.0251837
98009581 105.8491985 21.0237053
98009584 105.8486244 21.0220391
98009585 105.8483011 21.0210518
98009586 105.8479737 21.0200887
98009663 105.8477905 21.0270442
98010039 105.8474105 21.0258729
98010040 105.8529328 21.0242509
98010042 105.8547547 21.023716
98010332 105.8558255 21.0270181
98010333 105.8555511 21.0261522
98010334 105.8542857 21.0222221
98010335 105.8537007 21.0205574
98010336 105.8532227 21.0191659
98010926 105.8555751 21.0199953
98010927 105.8463276 21.0227121
98011110 105.8430971 21.021558
98011280 105.8432716 21.0254436
98012399 105.8561315 21.0216867
98012400 105.852593 21.0227149
98012401 105.8469014 21.0243922
98012404 105.8451257 21.0249069
98014765 105.8522331 21.0209829
98014766 105.8519368 21.0197634
98014767 105.851603 21.0182926
98043906 105.8437592 21.0269191
98043907 105.8450233 21.0265514
98043908 105.8456154 21.0263771
98043980 105.8436037 21.0264842
98044064 105.841521 21.02649
98044324 105.8454267 21.0257694
98044325 105.8459871 21.0275442
98044691 105.846568 21.0299584
98044767 105.8432156 21.0283879
102983975 105.8565326 21.0290526
102984264 105.857538 21.0291314
102984602 105.8566986 21.0297759
102985443 105.8580254 21.0255058
102985688 105.8566128 21.023165
102986558 105.855011 21.0183662
102987956 105.8618095 21.0185353
102987961 105.8587079 21.019044
102987962 105.8616231 21.0203807
102989115 105.8580477 21.0211556
102989116 105.8574726 21.0228854
102989712 105.8569516 21.0195874
102989719 105.857519 21.0212525
102990398 105.8499702 21.0206242
102996451 105.8445276 21.0204246
102997194 105.8491719 21.0206684
102997197 105.8498841 21.0203782
102997577 105.8487625 21.0198448
102998275 105.8517501 21.0189436
103010880 105.8502987 21.0269692
103010881 105.8495754 21.0288634
103010886 105.8488561 21.0305684
103010952 105.8477212 21.029978
103011363 105.8505926 21.029196
103011372 105.8491377 21.0313156
103012143 105.8486543 21.0310594
103012338 105.8457273 21.0347159
103012340 105.845924 21.0356714
103013298 105.8447768 21.0340917
103015876 105.8471632 21.0398914
103016321 105.8467567 21.0397821
103017228 105.8477713 21.0400597
103021827 105.8499291 21.0406957
103027202 105.8509581 21.040231
103039350 105.8447516 21.0210682
103039351 105.8461235 21.0206578
103041218 105.8459361 21.020136
103041221 105.8478058 21.0195767
103042653 105.846517 21.0216582
103059312 105.8415143 21.0259455
104763597 105.8511744 21.0280243
104765597 105.8459745 21.0317052
104766947 105.8502615 21.0331052
104766978 105.8485186 21.0323719
104767697 105.8538242 21.0321783
104767698 105.8545344 21.03215
104768131 105.8545682 21.0314328
104768132 105.8543307 21.0348426
104768899 105.8555083 21.0325376
104769017 105.8547676 21.0338265
104769348 105.8559084 21.032676
104769393 105.8539092 21.0313985
104769587 105.8565198 21.0313238
104770002 105.8528697 21.0375029
104824102 105.8504972 21.0383961
104824109 105.8507008 21.0371121
104824111 105.8515241 21.0390352
104824953 105.8525179 21.0367986
104824957 105.8508355 21.0363358
104824965 105.8477224 21.0362416
104824971 105.8470836 21.0362915
104825779 105.8473707 21.0343641
104825780 105.8472542 21.0337414
104826387 105.8459805 21.0399079
271745504 105.8569206 21.0290628
308717223 105.8577393 21.0220815
309597635 105.8535679 21.0273306
309597639 105.8553119 21.0254087
309597640 105.8545573 21.025672
309597644 105.8536483 21.0278901
309597647 105.8558853 21.0276003
309597648 105.856062 21.0276086
309597650 105.8573312 21.0277371
309597651 105.8581333 21.0279368
309597692 105.8564625 21.025904
309597696 105.8578145 21.0261832
309597697 105.8588605 21.0264696
309600650 105.8467249 21.03122
309600684 105.8468773 21.031538
309600764 105.8467087 21.0319829
309601293 105.8510613 21.0304942
309601310 105.8501974 21.0298982
309635811 105.8447863 21.030095
309635879 105.8452826 21.0324584
309642113 105.8554378 21.0289498
309642117 105.8537903 21.0287988
309653581 105.8611474 21.0253566
309653586 105.8607704 21.024245
309672901 105.8509669 21.0356276
309674297 105.8531639 21.0322133
309674434 105.853804 21.0330302
317156879 105.8531013 21.0348519
317156881 105.8527928 21.0360548
317319368 105.8468693 21.0260006
317319373 105.8463801 21.0245553
317367071 105.8544006 21.0251189
317806969 105.8530192 21.033042
317806974 105.8529275 21.0322286
317807041 105.8464255 21.0291808
317807045 105.8453279 21.0287071
317807048 105.8447003 21.0279056
317968553 105.8492207 21.0404869
317968560 105.8500426 21.0389354
317968564 105.8486162 21.0382588
317968604 105.8506926 21.0376548
317968616 105.8526035 21.0366534
317968640 105.8479192 21.0377886
317968648 105.8582694 21.0246894
317968654 105.8594514 21.0232707
319490478 105.8566915 21.0251668
320410351 105.8598321 21.0299824
320410353 105.8578159 21.0292059
320410364 105.855808 21.0348872
320410370 105.8532212 21.0390552
320410388 105.8555006 21.037425
320410391 105.853999 21.0394404
320410396 105.8578904 21.0292322
320410409 105.8622191 21.0185804
320410424 105.8523386 21.0385754
320410429 105.8513909 21.04004
321984066 105.842234 21.0286721
321984069 105.8426146 21.0278484
322505298 105.8504709 21.0321878
322505330 105.8494419 21.0291799
322505394 105.8477912 21.0281196
322505603 105.8482435 21.0208928
324286168 105.8485838 21.0402992
421501417 105.8499598 21.0216627
421501432 105.8488361 21.0227009
438042805 105.8605779 21.0244154
438042806 105.8602148 21.024606
438047651 105.8514505 21.0397168
438166276 105.8462821 21.0373809
443033372 105.8617532 21.0256929
443033378 105.8608189 21.0284425
445371197 105.8592416 21.0249399
610740400 105.8505914 21.0381261
610740401 105.8491578 21.0375355
963612081 105.857199 21.0298779
975689707 105.8583561 21.0320441
975689708 105.8595619 21.032523
993037624 105.8572477 21.0244784
993037639 105.85701 21.0242401
993037677 105.8582582 21.024727
993037757 105.8569645 21.0244402
1008752808 105.8496135 21.0195834
1497570400 105.850573 21.0262615
1497570426 105.8567226 21.031392
1497570435 105.8531409 21.0316107
1497570444 105.8517163 21.0319146
1497570445 105.8513432 21.0317709
1497570487 105.8544595 21.0330415
1497570510 105.8546112 21.035356
1497570520 105.8546721 21.0354216
1497603079 105.8568409 21.0314342
1497603100 105.8565275 21.0335398
1497603106 105.8546223 21.0348472
1497603115 105.8542247 21.0356462
1497603128 105.8534987 21.0367709
1497603130 105.8533363 21.0369488
1497603134 105.8507601 21.0371231
1497603137 105.852105 21.0373143
1813639973 105.8561178 21.0269885
1819499860 105.8541309 21.0217774
1819499861 105.8525018 21.0222055
1819499862 105.8559499 21.0332915
1819499864 105.853116 21.0377241
1819499865 105.8538807 21.0382553
1819499866 105.8546021 21.0386962
1865408222 105.863899 21.018973
1893791577 105.8612717 21.0304235
1954877847 105.8471484 21.0387021
2049258210 105.8428262 21.0279227
2105701616 105.8484594 21.0189279
2105701618 105.8552948 21.0346717
2218271412 105.8450835 21.0291961
2218313051 105.8536718 21.0307093
2218313053 105.8539156 21.0307661
2218334196 105.86192 21.0198171
2259067318 105.8481654 21.0348798
2259067321 105.8474866 21.0349989
2290021877 105.8454918 21.0375308
2290021880 105.8460762 21.03742
2302086708 105.8547385 21.0352913
2302086710 105.8546851 21.0352113
2302089256 105.8589742 21.024877
2474695878 105.8620274 21.0185395
2499827594 105.8508087 21.0398556
3538936682 105.8511629 21.0394785
3565070816 105.8463634 21.0326976
4022961193 105.8549505 21.0220242
4022961194 105.85545 21.0235114
4022961195 105.8558566 21.0247221
4022966514 105.8556889 21.0242229
4022966515 105.8568687 21.0238846
4022974047 105.8538794 21.0368754
4023155512 105.8537816 21.033787
4023168483 105.8535585 21.0372254
4023168484 105.8543141 21.0377085
4023168485 105.8549623 21.0381838
4023180359 105.8480008 21.0376532
4023188015 105.8471114 21.0375183
4023188016 105.8479737 21.037451
4023205753 105.8506977 21.0302356
4023205757 105.8508766 21.0317598
4023258092 105.8499725 21.0329804
4023305214 105.8432795 21.0279715
4023430929 105.8531422 21.0207175
4050386471 105.8594281 21.0325025
4050386478 105.8588286 21.0330955
4491335818 105.8489899 21.0361005
4902374737 105.8569971 21.0244801
5301822846 105.8578463 21.0318528
5301822850 105.8580313 21.0315063
5405026120 105.8533055 21.0313028
5408108320 105.8564395 21.0315136
5408109025 105.8567413 21.0308728
5689691138 105.8532054 21.0410502
5689691140 105.8539648 21.0399026
5689691146 105.8559429 21.0375445
5701112188 105.857732 21.033681
5701112189 105.8579037 21.034136
5701112194 105.8582014 21.0342036
5701112195 105.8551465 21.0331672
5701542161 105.8609574 21.0292541
5701542162 105.8609009 21.0293823
5701542166 105.8609936 21.0290288
5701542167 105.8605735 21.0288657
5701542175 105.8607888 21.0302755
5703788580 105.8595222 21.0264275
5704353664 105.8551988 21.0227635
5704353665 105.854508 21.0229623
5704382356 105.8563571 21.0224236
5704400882 105.8614168 21.0244523
5704400884 105.8621015 21.0246067
5704400885 105.8613918 21.0246792
5704400886 105.8620378 21.0248247
5704400889 105.8602138 21.0257388
5704400890 105.8600425 21.0256549
5704400891 105.8612403 21.0258367
5704400892 105.8613939 21.0255753
5704400895 105.8623435 21.0236308
5704543860 105.862086 21.0185502
5706922866 105.8467389 21.0204695
5707060241 105.8591562 21.0221714
5707060242 105.8597332 21.0223358
5707599771 105.8597317 21.0187694
5707599790 105.8615967 21.0195804
5707599797 105.8554036 21.0194661
5707599801 105.8567889 21.0190698
5707599805 105.8584531 21.0191224
5843520141 105.857192 21.0242217
5927884978 105.855038 21.0354895
6221789798 105.8589692 21.0272361
6221789802 105.8598073 21.0278274
6221789805 105.8610181 21.0280673
6221789807 105.8601882 21.027547
6221789808 105.860309 21.027637
6408837599 105.8631134 21.0187844
6413001818 105.8534585 21.037154
6579539369 105.8522351 21.0373372
6596745874 105.8552544 21.038343
6600251026 105.8600125 21.0249853
6600251031 105.859962 21.0250573
6600251034 105.8577428 21.0287287
6600251048 105.857391 21.0294632
6600667426 105.860299 21.0256005
6600667427 105.8601316 21.0255188
6600667429 105.8596542 21.0266948
6600667430 105.8594298 21.026577
6600677543 105.8558262 21.0312919
6600777419 105.8565977 21.0319001
6600777421 105.856396 21.0323042
6603790705 105.855188 21.0355451
6644455608 105.851738 21.03227
6644523689 105.8516669 21.02596
6647111311 105.8583466 21.0247255
6648055354 105.8571909 21.0245137
6648066799 105.8444581 21.028869
6652021720 105.8439567 21.0281091
6658825787 105.846789 21.0315022
6658825791 105.8467968 21.0316084
6658825807 105.8446921 21.0299954
6658825808 105.8447727 21.029977
6659194063 105.8457091 21.0346237
6668103970 105.8496421 21.0363753
6677416196 105.845064 21.0313485
6685556118 105.8541878 21.0187112
6689431165 105.8526765 21.0194209
6689625504 105.8540453 21.0185547
6689625505 105.8541345 21.018735
6689625506 105.8528249 21.0190655
6689625507 105.8529418 21.0192925
7128246253 105.8566458 21.0351786
7128246257 105.8574713 21.0340095
7128246261 105.8562679 21.035083
7128246264 105.856505 21.0347543
7128246267 105.8557374 21.033775
7128246268 105.8562604 21.0339769
7128246269 105.8567919 21.0336774
7128246278 105.8565173 21.0351624
7128252490 105.8568404 21.0347572
7128252491 105.8570753 21.0348341
7128252493 105.8558253 21.0335825
7128252494 105.8563513 21.0337979
7128252495 105.855645 21.0339623
7128252496 105.856154 21.034191
7128252497 105.8559981 21.0341209
7128252499 105.8559016 21.03395
7179209950 105.8435889 21.0282264
7179209951 105.8436596 21.0282023
7179209952 105.843717 21.0282561
7190559271 105.8431514 21.0279487
7192356874 105.8430681 21.0281243
7211342176 105.8625822 21.0186632
7822814654 105.8598823 21.0218612
8130248887 105.8471909 21.0203307
8130248888 105.8470074 21.0198166
8176641105 105.8444156 21.0233081
8184606185 105.8533541 21.0260809
8299505536 105.8522906 21.040453
8299505543 105.8530595 21.0392672
8338630209 105.8603378 21.0282564
8654073304 105.8572767 21.0205994
8654073305 105.8577173 21.0200695
8912620443 105.8482524 21.0353972
9580345407 105.8567223 21.0360891
9580345408 105.8566741 21.0361941
9594219304 105.8606505 21.0292768
9837399874 105.8445748 21.0289326
10113458789 105.8568442 21.0324798
10118488793 105.8617484 21.0197707
10149108485 105.8434702 21.0279956
10149108518 105.8439455 21.0285654
10149108580 105.8414668 21.0242204
10165976756 105.8559647 21.0363109
10165976762 105.8555772 21.0374457
10175009785 105.8611651 21.0231574
10211743065 105.8516746 21.0229945
10211743067 105.8517565 21.0224385
10211803187 105.854523 21.0191521
10584131490 105.8436457 21.0282806
10584131492 105.8434676 21.0283419
10584131494 105.8439029 21.0285371
11033808556 105.8443055 21.0233407
11080752889 105.8570473 21.0320752
11209277993 105.8577239 21.0221286
11209277995 105.8568844 21.0219238
11332494712 105.8427607 21.0238611
11411667693 105.8607474 21.0240867
12016398862 105.8611758 21.0274042
12016398863 105.86056 21.0271642
12032204043 105.8602184 21.0190576
12067360420 105.8533331 21.0213318
12067360422 105.8531263 21.0207222
12265701986 105.8562887 21.0356962
12322556310 105.8606003 21.0283579
75617751 317367071
75617751 6644523689
75617751 8184606185
75617760 309601293
75617763 2218313053
75617763 2218313051
75618029 317367071
75618029 98010042
75618029 4022961195
75618721 6644455608
75618721 1497570445
75618721 75619046
75618721 81795094
75619046 4023205757
75619046 75618721
75619046 322505298
75619049 317806974
75619049 6644455608
81794043 309600684
81794043 98044691
81794511 317806969
81794511 75619049
81794512 84782074
81794512 309672901
81794512 317156879
81794516 84786846
81794516 317156879
81794516 104768132
81795093 6668103970
81795093 309672901
81795094 84782080
81795094 81795093
81796035 4023168484
81796035 4022974047
81796035 320410388
81796035 320410364
81817652 102985443
81817652 4902374737
84782074 81794511
84782074 81795094
84782080 104766947
84782080 84782082
84782082 84783147
84782082 104825780
84782084 84783699
84782084 84782320
84782084 84782085
84782085 84783436
84782085 3565070816
84782085 84782086
84782086 6659194063
84782086 84782085
84782318 4023188015
84782318 104824971
84782318 84784227
84782318 84784226
84782319 84782320
84782319 104824971
84782319 103012340
84782319 84782624
84782320 84783436
84782320 84782319
84782320 103012338
84782320 84782084
84782320 104825779
84782621 84782080
84782621 81795093
84782624 8912620443
84782624 2259067321
84782624 104824965
84782856 84783150
84782856 4491335818
84782856 84784225
84783146 84782082
84783146 84783699
84783146 84783694
84783147 104825779
84783147 2259067318
84783149 84783150
84783149 104824965
84783150 84784226
84783150 84782856
84783329 103013298
84783329 103012338
84783436 6659194063
84783436 84782085
84783436 84782320
84783694 84783146
84783694 104766978
84783699 309600764
84783699 84782084
84783699 84783146
84783699 3565070816
84784225 610740401
84784225 104824109
84784225 84782856
84784226 84783150
84784226 104824965
84784226 4023188016
84784226 84782318
84784227 438166276
84784227 84782318
84785920 6413001818
84786846 84782074
84786853 1497603115
84786853 81794516
84787075 4023155512
84787075 1497570487
84790870 84785920
84790870 84796872
84791963 2302086708
84791963 84792594
84792594 5927884978
84796872 84796875
84796875 84797193
84796875 84792594
84797193 104769348
84797193 104769017
84798026 1497570510
84798026 84796872
84799740 11411667693
84807329 445371197
84807329 6600251031
84833588 98043906
84833588 98044064
92383107 10149108518
92383107 7179209952
98009137 98010040
98009137 98009339
98009137 98009580
98009339 98009340
98009339 10211743065
98009339 98009581
98009340 102990398
98009340 98014765
98009340 421501417
98009342 2105701616
98009380 2105701616
98009380 103041221
98009579 98009580
98009579 98009663
98009579 103010880
98009580 98010039
98009580 98009579
98009580 98009137
98009580 98009581
98009581 421501432
98009581 98012401
98009581 98009580
98009581 98009339
98009584 421501432
98009584 98010927
98009584 98009585
98009584 421501417
98009585 102997194
98009585 98009584
98009585 322505603
98009586 102997577
98009586 8130248887
98009586 322505603
98009586 103041221
98009663 98010039
98009663 98044325
98009663 322505394
98010039 98009663
98010039 98009580
98010039 317319368
98010040 98009137
98010040 75617751
98010040 98010042
98010042 4022961194
98010042 5704353665
98010042 98010040
98010332 309597635
98010332 98010333
98010333 309597692
98010333 309597639
98010334 1819499860
98010334 98012400
98010334 4022961193
98010335 98010926
98010335 98010336
98010335 4023430929
98010336 6689625507
98010336 6689625505
98010926 98010335
98010926 5707599797
98010926 98012399
98010926 102989712
98010927 98012401
98010927 98009584
98010927 103039350
98011110 103039350
98011110 11033808556
98011280 11332494712
98011280 98012404
98011280 103059312
98011280 98043980
98012399 5704382356
98012399 102989719
98012399 98010926
98012399 4022961193
98012400 98010334
98012400 10211743065
98012400 98010040
98012401 98010927
98012401 421501432
98012401 98009581
98012401 317319373
98012404 98044324
98012404 98011280
98012404 317319373
98014765 98009340
98014765 1819499861
98014765 12067360422
98014766 102990398
98014766 6689431165
98014766 98014765
98014767 102998275
98043906 84833588
98043906 98043907
98043906 98043980
98043907 92383107
98043907 98044324
98043907 98043906
98043907 98043908
98043908 317319368
98043908 98044325
98043908 98043907
98043980 98044064
98043980 98011280
98043980 98043906
98044064 103059312
98044324 98043908
98044324 317319373
98044325 317807041
98044325 98043908
98044325 317807048
98044691 309600650
98044691 2218271412
98044691 317807041
98044767 7192356874
98044767 7179209950
102983975 309642113
102983975 271745504
102983975 102984602
102984264 6600251034
102984264 271745504
102984602 963612081
102984602 6600677543
102985443 319490478
102985443 993037677
102985443 309597696
102985443 81817652
102985688 5704382356
102985688 4022961194
102985688 102989116
102985688 4022966515
102986558 6685556118
102986558 5707599797
102987956 5707599790
102987956 5707599771
102987961 102989115
102987961 5707599805
102987961 5707599771
102987962 5707599790
102987962 10118488793
102989115 102989719
102989115 102987961
102989115 308717223
102989116 317968654
102989116 5843520141
102989116 102985688
102989116 11209277993
102989712 8654073304
102989712 5707599801
102989712 5707599805
102989712 98010926
102989719 308717223
102989719 8654073304
102989719 98012399
102989719 102989115
102990398 102997197
102990398 98014766
102996451 103041218
102996451 103039350
102997194 98009585
102997194 102997197
102997194 102997577
102997197 102997194
102997197 1008752808
102997577 1008752808
102997577 98009586
102997577 2105701616
102997577 102997194
102998275 98014766
103010880 103010881
103010880 1497570400
103010881 103011363
103010881 322505330
103010886 103010952
103010886 103012143
103010952 81794043
103011363 104763597
103011363 103010881
103011372 309601310
103011372 103012143
103012143 84783694
103012143 81794043
103012338 84782320
103012338 84783329
103012338 103012340
103012340 84784227
103012340 84782319
103015876 1954877847
103015876 103017228
103016321 2290021880
103016321 103015876
103017228 324286168
103021827 2499827594
103039350 98011110
103039350 98010927
103039350 102996451
103039350 103039351
103039351 5706922866
103039351 103042653
103039351 103041218
103039351 103039350
103041218 102996451
103041218 8130248888
103041218 103039351
103041221 8130248888
103041221 98009586
103041221 98009380
103042653 103039351
103059312 10149108580
103059312 98011280
104763597 6644523689
104763597 6644523689
104765597 6677416196
104765597 309635879
104766947 4023258092
104766947 75619046
104766978 4023258092
104766978 103011372
104766978 84783694
104767697 104767698
104767697 309674434
104767698 104768899
104767698 104768131
104768131 309642113
104768131 104769393
104768131 6600677543
104768132 1497603106
104768132 84787075
104768132 81794516
104768899 104767698
104768899 5701112195
104768899 104769348
104769017 1497603106
104769017 84787075
104769348 5408108320
104769348 104768899
104769393 104767697
104769393 5405026120
104769587 5408109025
104769587 6600677543
104770002 6579539369
104770002 1497603130
104824102 610740400
104824102 104824111
104824102 317968560
104824109 1497603134
104824109 104824957
104824109 84784225
104824111 104770002
104824953 317968616
104824953 1497603137
104824953 1497603130
104824953 104824957
104824957 104824109
104824957 309672901
104824957 6668103970
104824965 104824971
104824965 84783149
104824965 84784226
104824965 84782624
104824971 84782318
104824971 104824965
104824971 84782319
104825779 2259067321
104825779 84783147
104825779 84782320
104825779 104825780
104825780 84782084
104825780 104825779
104826387 2290021877
104826387 103016321
271745504 102984602
271745504 309597650
271745504 102983975
271745504 102984264
308717223 102989719
308717223 102989115
308717223 11209277993
309597635 309597644
309597639 309597640
309597639 75618029
309597640 309597639
309597640 8184606185
309597640 317367071
309597644 309597647
309597644 309642117
309597647 309597648
309597647 98010332
309597648 309597647
309597648 309597650
309597648 102983975
309597650 309597648
309597650 309597651
309597650 309597696
309597650 271745504
309597651 309597650
309597651 309597697
309597692 309597696
309597692 98010333
309597692 1813639973
309597696 309597697
309597696 309597692
309597696 102985443
309597696 309597650
309597697 84807329
309597697 309597696
309600650 6658825787
309600650 98044691
309600684 81794043
309600684 6658825791
309600764 104765597
309600764 84783699
309600764 3565070816
309600764 6658825791
309601293 104763597
309601293 4023205753
309601310 103011363
309635811 6677416196
309635811 6658825807
309635879 104765597
309635879 84782086
309642113 102983975
309642113 309597647
309642113 309642117
309642117 75617763
309642117 309642113
309653581 309653586
309653581 5704400892
309653581 5703788580
309653586 10175009785
309653586 309653581
309653586 6600667427
309653586 11411667693
309672901 104824957
309672901 317156881
309672901 81794512
309674297 1497570435
309674297 104767697
309674434 317806969
309674434 4023155512
317156879 81794516
317156879 317156881
317156879 81794512
317156881 317968616
317156881 317156879
317156881 84786853
317319368 317319373
317319368 98043908
317319368 98010039
317319373 317319368
317319373 98012404
317319373 98012401
317367071 75618029
317367071 75617751
317367071 309597640
317806969 317806974
317806969 81794511
317806969 309674434
317806974 317806969
317806974 309674297
317807041 317807045
317807041 98044691
317807041 98044325
317807045 317807041
317807045 317807048
317807045 2218271412
317807048 317807045
317807048 92383107
317968553 103021827
317968553 317968560
317968560 317968553
317968560 317968564
317968564 103017228
317968564 317968640
317968564 317968560
317968604 610740400
317968604 1497603134
317968604 1497603137
317968616 317156881
317968616 104824953
317968616 1497603128
317968640 4023180359
317968648 993037677
317968648 6647111311
317968654 102989116
317968654 2302089256
317968654 5707060242
319490478 309597692
320410351 5701542167
320410351 975689707
320410351 5701542175
320410351 320410396
320410353 320410396
320410353 1497570426
320410353 6600251034
320410364 2105701618
320410364 7128246261
320410364 7128252496
320410364 81796035
320410370 320410424
320410370 8299505543
320410370 320410391
320410370 1819499865
320410388 10165976762
320410388 4023168485
320410388 81796035
320410391 5689691140
320410391 320410370
320410391 1819499866
320410396 320410353
320410396 1497603079
320410396 320410351
320410396 6221789798
320410409 7211342176
320410409 5704543860
320410409 10175009785
320410424 320410370
320410424 1819499864
320410424 320410429
320410429 320410424
320410429 8299505536
321984066 321984069
321984066 98044767
321984069 2049258210
321984069 321984066
321984069 84833588
322505298 103011372
322505330 103010886
322505394 322505330
322505394 103010952
322505603 5706922866
322505603 98009585
322505603 98009586
324286168 317968553
421501417 98009584
421501417 98009340
421501432 421501417
421501432 98009581
421501432 98009584
438042805 6600251031
438042805 320410353
438042806 84799740
438042806 102987962
438047651 3538936682
438047651 103027202
438166276 2290021880
443033372 5704400892
443033372 5704400886
443033372 12016398862
443033378 5701542167
443033378 12322556310
443033378 12322556310
443033378 6221789805
445371197 2302089256
445371197 6600251026
610740400 104824102
610740400 317968604
610740400 610740401
610740401 610740400
610740401 317968564
963612081 6600251048
963612081 102984602
975689707 4050386471
975689707 5301822846
975689707 1497603100
975689707 320410351
975689708 4050386471
975689708 5701112194
975689708 5701542175
993037624 317968648
993037624 6648055354
993037639 5843520141
993037639 4022966515
993037677 317968648
993037677 102985443
993037677 6648055354
993037757 4022961195
993037757 993037639
1008752808 102997577
1008752808 98009342
1008752808 102998275
1497570400 98009579
1497570426 1497603079
1497570426 84791963
1497570426 5408109025
1497570435 1497570444
1497570435 309674297
1497570444 1497570445
1497570444 75618721
1497570444 6644455608
1497570445 75617760
1497570487 104767698
1497570510 2302086710
1497570510 104768132
1497570520 1497570510
1497570520 84785920
1497603079 6600777419
1497603079 1497570426
1497603079 320410396
1497603079 5301822846
1497603100 1819499862
1497603100 7128252494
1497603100 7128246269
1497603100 975689707
1497603106 104768132
1497603106 2302086710
1497603115 84786853
1497603115 104768132
1497603128 84798026
1497603128 317968616
1497603128 1497603115
1497603130 1497603128
1497603134 317968604
1497603134 1497603137
1497603134 104824109
1497603137 1497603134
1497603137 104824953
1497603137 317968604
1813639973 98010332
1813639973 309597648
1819499860 1819499861
1819499860 98010335
1819499861 98012400
1819499862 7128252493
1819499862 1497603100
1819499862 6600777421
1819499864 1819499865
1819499864 320410424
1819499864 4023168483
1819499865 1819499864
1819499865 4023168484
1819499865 320410370
1819499865 1819499866
1819499866 4023168485
1819499866 320410391
1819499866 1819499865
1865408222 6408837599
1865408222 5704400895
1893791577 5701542175
1954877847 4023188015
1954877847 317968640
1954877847 438166276
2049258210 321984069
2049258210 7190559271
2105701616 98009380
2105701616 98009342
2105701616 102997577
2105701618 320410364
2105701618 7128252495
2105701618 4022974047
2218271412 317807045
2218271412 9837399874
2218313051 5405026120
2218313053 2218313051
2218313053 104769393
2218334196 84799740
2259067318 2259067321
2259067318 8912620443
2259067321 104825779
2259067321 2259067318
2259067321 84782624
2290021877 84783329
2290021877 2290021880
2290021880 438166276
2290021880 2290021877
2290021880 103016321
2302086708 1497570520
2302086710 2302086708
2302086710 84797193
2302089256 445371197
2302089256 317968654
2302089256 6647111311
2474695878 5704543860
2499827594 3538936682
2499827594 103027202
3538936682 317968560
3538936682 104824111
3565070816 84782085
3565070816 84783699
3565070816 309600764
4022961193 5704353664
4022961193 98010334
4022961193 98012399
4022961194 5704353664
4022961194 102985688
4022961194 98010042
4022961194 4022966514
4022961195 993037757
4022961195 4022966514
4022961195 75618029
4022966514 4022966515
4022966514 4022961195
4022966514 4022961194
4022966515 4022966514
4022966515 993037639
4022966515 102985688
4022974047 4023168483
4022974047 81796035
4022974047 2105701618
4023155512 84786846
4023155512 84787075
4023168483 4023168484
4023168483 6413001818
4023168483 4022974047
4023168483 1819499864
4023168484 81796035
4023168484 4023168483
4023168484 1819499865
4023168484 4023168485
4023168485 320410388
4023168485 1819499866
4023168485 6596745874
4023168485 4023168484
4023180359 4023188016
4023180359 84782856
4023188015 84782318
4023188015 1954877847
4023188015 4023188016
4023188016 4023180359
4023188016 84784226
4023188016 4023188015
4023205753 309601293
4023205753 4023205757
4023205753 309601310
4023205757 75617760
4023205757 4023205753
4023258092 104766947
4023258092 104766978
4023258092 322505298
4023305214 7190559271
4023305214 10149108485
4023430929 12067360422
4023430929 6689431165
4023430929 98010335
4050386471 975689708
4050386471 975689707
4050386471 4050386478
4050386478 4050386471
4491335818 84782621
4491335818 84783149
4902374737 319490478
4902374737 993037757
5301822846 5301822850
5301822846 975689707
5301822846 1497603079
5301822850 5301822846
5301822850 5301822850
5301822850 5301822850
5405026120 1497570435
5408108320 104769587
5408108320 1497570426
5408109025 963612081
5689691138 5689691140
5689691140 320410391
5689691140 6596745874
5689691140 5689691138
5689691146 10165976762
5689691146 6596745874
5689691146 5701112194
5701112188 7128246257
5701112189 5701112194
5701112194 975689708
5701112194 5701112189
5701112194 5689691146
5701112195 104769017
5701112195 1497570487
5701542161 5701542162
5701542162 5701542161
5701542162 5701542175
5701542162 9594219304
5701542166 5701542167
5701542167 443033378
5701542167 5701542166
5701542167 320410351
5701542175 5701542162
5701542175 975689708
5701542175 1893791577
5701542175 320410351
5703788580 5704400890
5703788580 6600667430
5703788580 309653581
5704353664 4022961194
5704353664 4022961193
5704353664 5704382356
5704353664 5704353665
5704353665 5704353664
5704353665 98010334
5704382356 102985688
5704382356 98012399
5704382356 5704353664
5704400882 5704400884
5704400884 5704400886
5704400884 5704400895
5704400884 5704400882
5704400885 5704400886
5704400886 5704400884
5704400886 443033372
5704400886 5704400885
5704400889 5704400890
5704400890 5704400889
5704400890 5703788580
5704400890 6600667427
5704400891 5704400892
5704400891 5704400892
5704400891 12016398863
5704400892 443033372
5704400892 5704400891
5704400892 5704400891
5704400892 309653581
5704400895 1865408222
5704400895 5704400884
5704400895 10175009785
5704543860 2474695878
5704543860 320410409
5704543860 2218334196
5706922866 8130248887
5706922866 103039351
5706922866 322505603
5707060241 5707060242
5707060242 5707060241
5707060242 317968654
5707060242 7822814654
5707599771 102987956
5707599771 102987961
5707599771 12032204043
5707599790 10118488793
5707599790 102987956
5707599797 5707599801
5707599797 98010926
5707599797 102986558
5707599801 5707599797
5707599801 102989712
5707599805 102989712
5707599805 102987961
5843520141 993037624
5843520141 102989116
5927884978 6603790705
5927884978 84790870
6221789798 6221789802
6221789798 6600667430
6221789798 320410396
6221789802 6221789798
6221789805 12016398862
6221789805 443033378
6221789805 6221789808
6221789807 6221789808
6221789808 6221789807
6221789808 6221789805
6221789808 12016398863
6408837599 1865408222
6408837599 7211342176
6413001818 4023168483
6413001818 438047651
6579539369 104770002
6596745874 4023168485
6596745874 5689691140
6596745874 5689691146
6600251026 438042806
6600251031 6600251026
6600251031 445371197
6600251034 309597651
6600251048 102984264
6600251048 320410353
6600667426 6600667427
6600667427 6600667426
6600667427 5704400890
6600667427 309653586
6600667429 6600667430
6600667430 6600667429
6600667430 5703788580
6600667430 6221789798
6600677543 104769587
6600677543 104768131
6600677543 104768899
6600777419 1497603079
6600777419 6600777421
6600777419 11080752889
6600777421 6600777419
6600777421 1819499862
6600777421 10113458789
6603790705 5927884978
6603790705 9580345407
6644455608 75618721
6644455608 75619049
6644523689 1497570400
6644523689 75617751
6644523689 98009137
6647111311 993037677
6647111311 2302089256
6648055354 81817652
6648066799 10149108518
6648066799 9837399874
6652021720 98043906
6652021720 10149108485
6658825787 309600650
6658825787 309600684
6658825791 309600764
6658825791 6658825787
6658825807 6648066799
6658825807 6658825808
6658825808 309600650
6658825808 6658825807
6658825808 309635811
6659194063 84783436
6659194063 103012338
6668103970 4491335818
6668103970 84784225
6677416196 309635879
6685556118 6689625505
6685556118 102986558
6685556118 10211803187
6689431165 98014766
6689431165 6689625507
6689431165 4023430929
6689625504 6689625505
6689625505 6685556118
6689625505 98010336
6689625505 6689625504
6689625506 6689625507
6689625507 6689431165
6689625507 98010336
6689625507 6689625506
7128246253 7128246278
7128246253 7128252490
7128246253 7128246257
7128246257 7128246253
7128246257 5701112188
7128246257 7128252490
7128246261 320410364
7128246261 7128246278
7128246261 7128246264
7128246264 7128246261
7128246267 7128252493
7128246267 7128252495
7128246267 7128246268
7128246268 7128252496
7128246268 7128252494
7128246268 7128246267
7128246269 1497603100
7128246278 7128246253
7128246278 7128246261
7128246278 12265701986
7128252490 7128246253
7128252490 7128252491
7128252490 7128246257
7128252491 7128252490
7128252493 1819499862
7128252493 7128246267
7128252493 7128252494
7128252494 1497603100
7128252494 7128252493
7128252494 7128246268
7128252495 7128246267
7128252495 7128252497
7128252495 2105701618
7128252496 7128246268
7128252496 7128252497
7128252496 320410364
7128252497 7128252496
7128252497 7128252495
7128252497 7128252499
7128252499 7128252497
7179209950 7179209951
7179209950 4023305214
7179209951 7179209952
7179209951 6652021720
7179209952 10584131490
7179209952 10149108518
7190559271 4023305214
7190559271 2049258210
7192356874 2049258210
7192356874 7190559271
7211342176 320410409
7211342176 6408837599
7822814654 5707060242
8130248887 5706922866
8130248887 98009586
8130248887 8130248888
8130248888 103041218
8130248888 103041221
8130248888 8130248887
8176641105 11033808556
8184606185 309597640
8184606185 309597635
8299505536 8299505536
8299505536 8299505536
8299505536 320410429
8299505543 320410370
8338630209 12322556310
8338630209 12322556310
8654073304 102989719
8654073304 102989712
8654073304 8654073305
8654073305 8654073304
8912620443 84782621
8912620443 84783149
9580345408 6603790705
9594219304 5701542162
9837399874 6658825808
9837399874 6648066799
10113458789 6600777421
10118488793 2218334196
10118488793 2474695878
10149108485 7179209951
10149108518 10584131494
10149108518 6648066799
10149108580 11332494712
10165976756 10165976762
10165976762 320410388
10165976762 5689691146
10165976762 10165976756
10175009785 309653586
10175009785 320410409
10175009785 5704400895
10211743065 98009339
10211743065 98012400
10211743065 10211743067
10211743067 10211743065
10211803187 6685556118
10584131490 7179209950
10584131490 10584131492
10584131494 10584131492
10584131494 10584131490
11033808556 98012404
11033808556 8176641105
11080752889 6600777419
11209277993 308717223
11209277993 102989116
11209277993 11209277995
11209277995 11209277993
11332494712 98011280
11411667693 438042805
11411667693 309653586
12016398862 443033372
12016398862 6221789805
12016398862 12016398863
12016398863 12016398862
12016398863 6221789808
12016398863 5704400891
12032204043 5707599771
12067360420 12067360422
12067360422 4023430929
12067360422 98014765
12067360422 12067360420
12265701986 7128246278
12322556310 8338630209
12322556310 8338630209
12322556310 443033378
12322556310 443033378
