377 769 {src} {dest} 30.0
98027697 105.8289804 21.0005756
98029773 105.8278668 20.9995983
106073057 105.7945089 21.0021062
283131195 105.8357071 20.9989243
283139047 105.812051 21.0071526
283139237 105.8133553 21.0086427
317366886 105.8045555 21.005355
317366917 105.8061012 21.006419
317366944 105.805549 21.0072596
317366961 105.804516 21.0064015
317366964 105.8034099 21.0074466
317816915 105.8179814 20.9969193
317816925 105.822593 20.9889405
317817107 105.8143839 20.9927432
317817109 105.8202498 20.9988597
317817114 105.8219218 20.9980767
317817131 105.821868 20.9964492
317818909 105.8158267 20.9922896
317818930 105.8172023 20.992124
318397553 105.8222007 21.0002549
320101377 105.8002637 21.0023504
421500418 105.8273685 20.9961729
421500430 105.8267846 20.99725
443393328 105.8039222 21.0059679
443393330 105.8023999 21.0066372
443393333 105.7994187 21.0045162
443393334 105.7996256 21.0042545
443393335 105.7998442 21.0039834
443393337 105.8008379 21.00379
443393342 105.801389 21.003105
443393343 105.8019505 21.0045765
443393344 105.8025186 21.0038928
443393345 105.8014828 21.0051526
443393346 105.8012858 21.0054173
443393347 105.8002974 21.0047318
443393349 105.8018979 21.0054339
443393350 105.8023482 21.0048556
443393351 105.8032906 21.0055227
443393354 105.8021076 21.0051665
443393355 105.8030419 21.0058411
443393356 105.8014832 21.0059956
443393357 105.8028721 21.0069953
443393388 105.8038097 21.0048089
443399622 105.8294973 20.9970617
443399623 105.8328399 20.9917502
443399765 105.827874 20.9962516
444195868 105.8367397 20.9941109
444195877 105.8364645 20.9872876
444195916 105.8356915 20.9872247
444393381 105.8069888 21.0037853
444394823 105.7988543 20.9882765
444394831 105.7972954 20.9871746
444394912 105.8026302 20.9919737
444398125 105.8062408 21.0042358
444398133 105.8060017 21.0027345
444398139 105.8053594 21.0035834
444398144 105.8064394 21.0018856
444398148 105.8058806 21.0026384
444491339 105.8020453 20.9999631
444496327 105.8078813 20.9999022
444497299 105.8056497 20.9984274
444497738 105.803644 21.0010914
444501627 105.8003249 21.0021269
444501629 105.8047007 21.0052178
444501634 105.8086824 21.0080303
444655895 105.801894 21.0032603
444875703 105.8106239 21.0023098
444879467 105.7961317 20.9932905
444881604 105.8040869 20.9973946
445200891 105.7995246 20.9874251
448845162 105.840983 20.9854094
1221161727 105.8035766 20.9914743
1221161730 105.8031548 20.991168
1221180535 105.7986256 20.9976062
1221180540 105.8006622 20.9951087
1758651185 105.8200574 20.9961557
1758651190 105.8199561 20.9983138
1758651218 105.81831 20.9993065
1758651219 105.8185945 20.9996866
1758676826 105.8105636 20.9819115
1758676830 105.8123435 20.983094
1758676835 105.8123702 20.9838759
1758676836 105.8107032 20.9838831
1758676842 105.8171301 20.9928931
1878921403 105.8217973 21.0025778
1878921405 105.8208163 21.0028548
1881949102 105.7992051 20.9963297
1881949103 105.7994728 20.9965117
1884747787 105.8038021 20.9916495
1884747789 105.8035655 20.991969
1884758417 105.8139393 20.9989413
1884758420 105.8140884 20.9987884
1884759843 105.8118054 20.9975542
1884805093 105.8404852 20.9978347
1897734810 105.7961782 21.0006617
1897734813 105.7958977 21.0004443
1904391985 105.8266804 20.9963703
1905193207 105.8264224 20.9955448
2099143221 105.8039149 21.0046698
2105822136 105.800511 21.004467
2105986479 105.8052351 20.9926983
2174649882 105.8145973 20.9993832
2174649900 105.8110139 21.0032906
2174649934 105.8144463 21.0014495
2174649956 105.8117191 21.0028656
2186671583 105.8053091 21.0049195
2186671585 105.8069622 21.0039196
2186671586 105.8052403 21.0048249
2188036111 105.8028665 21.0041388
2276770396 105.8243324 20.9938038
2291072469 105.8046634 21.0054347
2291072471 105.8029898 21.0070828
2291072477 105.8040637 21.0060271
2291073251 105.8048179 21.0052954
2291254028 105.8067003 21.0068397
2291254030 105.8068244 21.0067137
2291262110 105.8058047 21.0025808
2291264767 105.799097 20.9926021
2291264769 105.7999022 20.9917491
2291264771 105.8011481 20.990188
2326795053 105.8410493 20.9895878
2452491617 105.8222546 20.9951842
2491211044 105.8227404 20.9977613
2701051090 105.8103832 20.9966109
2701058419 105.8049079 20.9895066
2701184882 105.809277 20.998049
2701184883 105.8029274 20.9921822
2701184890 105.7942658 21.0030488
3075327736 105.7987896 21.0040806
3312553988 105.8158715 20.9895197
3540702591 105.8231575 20.9957936
3779242655 105.8072155 20.9860577
3779255487 105.8033242 20.9918002
3779255494 105.8025794 20.9912168
3998470870 105.799841 20.9917059
4007660998 105.8386723 20.989168
4007661002 105.840672 20.9908931
4007661003 105.841077 20.9908546
4007661012 105.8378435 20.990819
4007662754 105.8384784 20.9886201
4007664792 105.8401907 20.9896475
4021935359 105.8409972 20.9869119
4021954322 105.8393934 20.9980133
4025155707 105.8234333 20.9999103
4025155719 105.8234955 20.9974402
4106937190 105.8035737 20.9907299
4107333593 105.7976586 21.0054696
4107338984 105.7992277 21.0035487
4350980207 105.8128055 20.9814803
4350981467 105.813583 20.983145
4350981468 105.8141149 20.9823327
4354865562 105.8118293 20.9827561
4538404990 105.8036125 20.9906932
4538404991 105.8038252 20.9911098
4538404998 105.802806 20.990959
4538405005 105.803965 20.9917685
4538405006 105.8037713 20.992099
4538405017 105.7999396 20.9892728
4538405021 105.8000917 20.9891512
4538405024 105.8067193 20.9937993
4538405026 105.8023827 20.9910576
4538405061 105.8026453 20.9908269
4538405136 105.7977344 20.998174
4538405137 105.7980326 20.9983618
4538570269 105.8010734 20.9901334
4538570272 105.7991493 20.9925632
4539675829 105.8016301 20.9932596
4539682086 105.8019847 20.9933336
4539684489 105.8000795 20.9955824
4539684490 105.8000277 20.9954434
4540453393 105.7971551 20.999436
4540453394 105.7969785 20.9996542
4540453395 105.7974322 20.9991029
4540453396 105.7974424 20.9996758
4540453399 105.7987903 21.0009672
4540453400 105.7988986 21.0008682
4540453404 105.7965818 20.9990517
4540453405 105.79668 20.9994514
4540453406 105.7971202 20.998951
4542621501 105.7968674 20.9992356
4600895513 105.8388042 20.99414
4600895520 105.8379456 20.9946155
4600895521 105.8379117 20.9942429
4600895532 105.8398188 20.9950736
4600895536 105.8367607 20.9944269
4600895543 105.8361932 20.9988416
4600895552 105.8284704 20.9987271
4600898590 105.8313346 20.9941525
4677439911 105.8358649 20.9869364
4759266267 105.8027807 20.9990159
5093497426 105.7964139 20.9992443
5093497429 105.7964651 20.9997289
5093497430 105.7973645 20.9999087
5093497431 105.7967009 20.9999971
5206119178 105.8164429 21.0049643
5485722628 105.8134625 20.9862914
5485722636 105.8073384 20.9863096
5485722650 105.8110549 20.9847473
5485722651 105.8114214 20.9847377
5485805576 105.8145271 20.9952216
5485805590 105.8132751 20.998227
5598303159 105.8070013 20.9861054
5641890822 105.7948684 20.9854591
5641890823 105.7961135 20.9863392
5645750065 105.8172083 21.0011176
5662886040 105.8406466 20.9916893
5662898857 105.8405226 20.9915085
5686426699 105.826217 21.0014287
5686449780 105.8318828 20.9997185
5689263056 105.8413859 20.9976146
5689263058 105.8411459 20.9976733
5689263059 105.8413208 20.9951429
5689263067 105.8411406 20.9951321
5689263069 105.8411176 20.9969947
5689469367 105.8200199 20.9954377
5689469369 105.8252761 20.9941733
5689469404 105.8248097 20.9961071
5689491708 105.829862 20.9964735
5689491713 105.8284396 20.9961007
5689499432 105.8284759 20.9939447
5689629212 105.838483 20.9948494
5689629214 105.8382048 20.9954917
5689629220 105.8387934 20.9940762
5690004047 105.8312542 20.9928465
5690004049 105.8319117 20.9932425
5690004097 105.8264253 20.9922193
5690053986 105.8317973 20.9911681
5690071699 105.841094 20.9960387
5698531362 105.834531 20.9890649
5698574943 105.8365613 20.987151
5698574946 105.8360368 20.9865656
5700934798 105.8410869 20.9919355
5707672763 105.8027589 21.0056368
5707672764 105.8022953 21.0061762
5707672765 105.8024353 21.0054031
5707672766 105.8019793 21.0059555
5707672767 105.8025996 21.006392
5707672768 105.8016781 21.0057316
5709898561 105.8000891 21.0049922
5710222979 105.7943098 21.002987
5710222986 105.7960434 21.0006482
5710222988 105.7959568 21.0005473
5710293555 105.8138143 20.9929211
5710295223 105.7959638 20.9989184
5710295226 105.7963343 20.999893
5710461985 105.8185922 20.9872436
5710461996 105.8133083 20.9818009
5710461997 105.8134972 20.9815289
5710462009 105.814841 20.9838161
5710462010 105.8153359 20.9830921
5716251227 105.8112187 20.982336
5716251234 105.8107021 20.9845162
5716393911 105.8108259 21.0027854
5716422145 105.8041739 21.0043462
5716422146 105.8036761 21.0039985
5716448595 105.8061426 20.9872508
5716537675 105.8039379 20.9908641
5716537702 105.8028999 20.9914949
5718888621 105.7991838 20.9926056
5831397227 105.8032501 21.0044097
5831397232 105.8026167 21.0050457
5831399045 105.8078324 20.999967
5831399053 105.8176615 21.0011503
5835644941 105.8388008 20.9941106
5875603186 105.8178494 21.0015574
6044465949 105.8065046 20.9871927
6044465955 105.8063867 20.9871437
6413581240 105.8178948 20.9973768
6413595668 105.8142765 20.9896277
6413595670 105.8135667 20.9894421
6415511751 105.8057589 21.0069507
6415612689 105.8069259 21.0012418
6415667361 105.8174286 20.994913
6415691012 105.8364888 20.9987849
6441639163 105.8110187 20.997021
6600206282 105.8062228 20.9871453
6600206283 105.806612 20.9873361
6601012241 105.8111812 20.9968414
6603014206 105.8179713 21.0013002
6603014207 105.8183746 21.0015669
6606566485 105.8153325 20.9953498
6606566487 105.815252 20.9952116
6606566488 105.8148313 20.9956345
6610228314 105.8139489 20.9864662
6610574244 105.8186576 21.0001295
6610610218 105.81856 20.9997154
6617292919 105.828317 21.0008102
6659072490 105.8197736 21.0026033
6659072491 105.8185051 21.0013636
6659072492 105.8184796 21.001638
6661313505 105.8181251 20.9973037
6665950221 105.841117 20.9969228
6665950222 105.8413626 20.9968616
6672440865 105.8227507 21.0022218
6677898113 105.8006883 21.001738
6688357406 105.8034806 21.0042422
6688357407 105.8034135 21.0043275
6688357744 105.8342895 20.9991527
6688570392 105.8111655 20.9971152
6688570393 105.8113096 20.9969225
6688570397 105.8139233 20.9986719
6688570401 105.813773 20.9988321
6689057478 105.8092514 20.9958585
6689057482 105.8093901 20.9956473
6689057484 105.8090137 20.9957049
6689058288 105.8092455 20.9955508
7119373782 105.835466 20.9990744
7144483009 105.839721 20.9980182
7214028038 105.7952323 21.0037605
7226991850 105.8241468 21.0018742
7513713218 105.8103037 21.0011768
7513713219 105.8111785 20.9998658
7513713220 105.81127 20.9998829
7985603136 105.8287012 21.0006733
7985603138 105.8292945 21.0004617
7985603148 105.8270346 21.0012111
8194657997 105.8422114 20.997404
8266592516 105.8218093 20.9915739
8266592519 105.8219549 20.991374
8266592535 105.8218387 20.9900957
8295729267 105.8044844 20.9895284
8333068241 105.8221603 20.9902308
8340738444 105.8235949 20.9899599
8341509535 105.815856 20.983403
8341509537 105.815308 20.9831264
8341972328 105.802285 21.0048115
8432307748 105.8425802 20.9973099
8708871942 105.8114117 20.9851434
8784588765 105.8405144 20.9901793
8784588766 105.8406422 20.990175
8841126600 105.8001273 21.0022571
8841126603 105.7999173 21.0026244
9497427795 105.8162712 20.995196
9713442735 105.7983947 20.9859055
9970440452 105.816442 21.0006081
10076263976 105.7971436 20.9997687
10076263977 105.7973058 20.999559
10076263978 105.7967091 20.9991285
10076263979 105.7965394 20.9993478
10108025400 105.8413634 20.9969164
10130533953 105.8289036 21.000269
10254829133 105.7977753 20.9855168
10269100672 105.8068533 21.0012013
10538639547 105.7997997 21.0028296
10538711449 105.8004016 21.0021816
10617504197 105.8001865 21.0022985
10648477324 105.813541 20.9831673
10648477328 105.8135572 20.9831324
10682258584 105.8149294 20.9957966
10743484787 105.8157765 20.9835
11194630360 105.8065582 20.9939713
11378892975 105.8067645 20.9941266
11700202517 105.7963699 20.9865204
11768052436 105.7981766 20.9981783
11768052437 105.7978793 20.9979893
11993550617 105.8374311 20.998656
12139084534 105.8198129 20.9882519
12139084535 105.8201724 20.9883872
12139084536 105.819931 20.9883008
12139084537 105.8202381 20.9882776
12139084538 105.81999 20.9881806
12139084539 105.8200101 20.9869735
12139084541 105.8201006 20.9871488
12139084544 105.8202396 20.9873898
12139084545 105.8203728 20.9874337
12139084546 105.8197291 20.9876578
12139084548 105.8199041 20.9872534
12139084550 105.8198029 20.9879627
12139084551 105.819924 20.9877395
12139084552 105.8200759 20.988017
12139084554 105.8200072 20.9877743
12139084556 105.8201688 20.987846
12139084557 105.8189875 20.9868953
12139084560 105.8187903 20.9873156
12434945010 105.8223253 20.9908423
12434945011 105.8219218 20.9906142
12434945014 105.8212269 20.9909866
98027697 7985603138
98027697 10130533953
98029773 4600895552
98029773 6617292919
98029773 421500430
106073057 1897734813
283131195 444195916
283131195 4600895543
283139047 2174649900
283139047 444501634
283139047 283139237
283139237 283139047
283139237 5206119178
317366886 444501629
317366886 443393388
317366917 6415511751
317366917 2291072469
317366944 6415511751
317366944 317366961
317366961 317366964
317366961 317366944
317366961 2291072477
317366961 6415511751
317366964 317366961
317366964 2291072471
317816915 6415667361
317816915 6661313505
317816915 1758651185
317816925 12139084556
317816925 8340738444
317816925 8266592535
317817107 317818909
317817107 6606566487
317817107 5710293555
317817107 6413595670
317817109 1758651190
317817109 317817114
317817114 2491211044
317817114 317817131
317817114 318397553
317817114 317817109
317817131 2452491617
317817131 317817114
317817131 1758651185
317818909 317818930
317818909 317817107
317818909 3312553988
317818909 1758676842
317818930 317818909
317818930 1758676842
317818930 5710461985
318397553 4025155707
318397553 317817114
318397553 6672440865
318397553 317817109
320101377 10617504197
320101377 10538639547
421500418 1904391985
421500418 443399765
421500418 421500430
421500430 4025155707
421500430 421500418
421500430 98029773
443393328 443393351
443393328 317366886
443393330 5707672767
443393330 443393357
443393330 443393356
443393333 5709898561
443393333 443393334
443393334 443393347
443393334 443393333
443393334 443393335
443393335 4107338984
443393335 2105822136
443393335 443393337
443393335 443393334
443393337 2105822136
443393337 443393335
443393337 443393342
443393337 443393343
443393342 443393337
443393342 320101377
443393343 443393344
443393343 443393345
443393343 443393337
443393343 8341972328
443393344 443393342
443393344 443393343
443393345 443393343
443393345 443393346
443393345 443393349
443393345 2105822136
443393346 443393345
443393346 443393347
443393347 2105822136
443393347 5709898561
443393347 443393346
443393347 443393334
443393349 443393354
443393349 5707672768
443393349 443393345
443393350 443393354
443393350 8341972328
443393350 5831397232
443393351 443393355
443393351 5831397232
443393351 443393388
443393351 443393328
443393354 443393349
443393354 443393350
443393354 5707672765
443393355 5707672763
443393355 443393351
443393355 5707672767
443393356 5707672768
443393356 443393330
443393357 2291072471
443393357 443393330
443393357 443393328
443393388 5831397227
443393388 443393351
443399622 5689491708
443399622 443399765
443399622 4600895552
443399623 5690004049
443399623 5690053986
443399623 5698531362
443399765 421500418
443399765 5689499432
443399765 443399622
444195868 444195877
444195868 4600895536
444195868 5662898857
444195877 5698574943
444195877 444195868
444195877 4677439911
444195916 4677439911
444195916 5698531362
444195916 283131195
444393381 2186671585
444393381 444398133
444394823 445200891
444394823 4538405021
444394831 444394823
444394831 9713442735
444394912 2701184883
444394912 4538405026
444394912 5716537702
444398125 444393381
444398125 444398139
444398133 444398148
444398133 444398139
444398133 444393381
444398139 444398133
444398139 5716422145
444398139 444398125
444398144 444875703
444398144 444398148
444398148 444398133
444398148 2291262110
444491339 444497738
444491339 6677898113
444491339 4759266267
444491339 1221180535
444496327 5831399045
444496327 444497299
444496327 2701184882
444497299 444496327
444497299 444497738
444497738 2291262110
444497738 444491339
444497738 444655895
444497738 444497299
444501627 10538711449
444501627 6677898113
444501629 2291073251
444501629 2186671586
444501634 283139047
444655895 444497738
444655895 6688357407
444875703 5716393911
444875703 444398144
444875703 7513713218
444879467 2291264767
444881604 444497299
444881604 1221180540
444881604 11378892975
445200891 444394823
1221161727 3779255487
1221161727 1884747787
1221161730 1221161727
1221161730 4106937190
1221180535 11768052436
1221180535 444491339
1221180540 444881604
1221180540 1881949103
1758651185 5689469367
1758651185 317817131
1758651185 317816915
1758651190 317817109
1758651218 1758651219
1758651218 6606566485
1758651219 6610610218
1758651219 6661313505
1758651219 6610574244
1758676826 5485722636
1758676826 5716251227
1758676830 4354865562
1758676830 10648477328
1758676830 1758676835
1758676835 1758676836
1758676835 5485722651
1758676835 1758676830
1758676836 1758676835
1758676836 5716251227
1758676836 5716251234
1758676842 6415667361
1758676842 317818909
1758676842 317818930
1878921403 5686426699
1878921403 7119373782
1878921403 6672440865
1878921405 1878921403
1881949102 1881949103
1881949102 4539675829
1881949103 1881949102
1881949103 1221180535
1884747787 4538405005
1884747789 1884747787
1884747789 3779255487
1884758417 1884758420
1884758417 6688570401
1884758420 5831399053
1884759843 6688570392
1884759843 7513713220
1884805093 5689263069
1884805093 5689263058
1897734810 1897734813
1897734810 5710222979
1897734813 1897734810
1897734813 5710295226
1904391985 4025155719
1904391985 421500418
1904391985 1905193207
1905193207 5689469369
1905193207 1904391985
1905193207 5689469404
2099143221 5716422145
2099143221 444501629
2105822136 443393337
2105822136 443393347
2105822136 443393345
2105822136 443393335
2105986479 5485722628
2105986479 4538405024
2174649882 1884758417
2174649882 2174649934
2174649900 2174649956
2174649900 283139047
2174649900 5716393911
2174649934 2174649956
2174649934 2174649882
2174649956 5716393911
2174649956 2174649900
2186671583 2186671586
2186671583 2291073251
2186671585 444393381
2186671585 2186671583
2186671586 2186671583
2186671586 444398125
2188036111 443393344
2188036111 8341972328
2276770396 5689469369
2291072469 317366886
2291072469 2291072477
2291072471 443393357
2291072471 317366964
2291072477 317366961
2291072477 2291072471
2291073251 2291072469
2291073251 2291254030
2291254028 2291254030
2291254028 317366917
2291254030 2291254028
2291254030 444501634
2291262110 444398148
2291262110 444497738
2291262110 10269100672
2291264767 4538570272
2291264767 444879467
2291264769 3998470870
2291264769 5718888621
2291264771 4538570269
2291264771 2291264769
2326795053 4021935359
2452491617 317817131
2491211044 317817114
2491211044 4025155719
2491211044 3540702591
2701051090 6689057478
2701051090 2701184882
2701058419 5716537675
2701184882 444496327
2701184882 7513713218
2701184882 2701051090
2701184883 4539682086
3075327736 443393333
3075327736 4107338984
3075327736 4107333593
3312553988 317818909
3540702591 2491211044
3779255487 5716537702
3779255487 2701184883
3779255494 4538405026
3998470870 2291264769
3998470870 4538570269
4007660998 4007664792
4007661002 8784588766
4007661002 4007661012
4007661002 4007661003
4007661003 4007661002
4007661003 2326795053
4007661012 4007661002
4007662754 4007664792
4007664792 8784588766
4007664792 4007660998
4007664792 4007662754
4021935359 5698574943
4021935359 448845162
4021954322 7144483009
4021954322 5689629214
4025155707 318397553
4025155707 421500430
4025155707 7226991850
4025155707 4025155719
4025155719 2491211044
4025155719 1904391985
4025155719 4025155707
4106937190 4538404990
4107333593 7214028038
4107333593 3075327736
4107338984 10538639547
4107338984 443393335
4107338984 3075327736
4350980207 5710461996
4350980207 4354865562
4350980207 5710461997
4350981467 10648477328
4350981467 4350981468
4350981467 5710462009
4350981468 5710461996
4350981468 5710462010
4350981468 4350981467
4354865562 5716251227
4354865562 1758676830
4354865562 4350980207
4538404990 8295729267
4538404991 4538405005
4538404991 1221161727
4538404998 3779255494
4538404998 1221161730
4538405005 2105986479
4538405006 1884747789
4538405006 2701184883
4538405021 4538405024
4538405021 4538405061
4538405024 6689058288
4538405026 2291264771
4538405061 4538404998
4538405061 4106937190
4538405136 11768052437
4538405136 4538405137
4538405137 4540453395
4538570269 4538405017
4538570272 5718888621
4538570272 3998470870
4539675829 444394912
4539682086 1221180540
4539682086 4539684489
4539684489 5710222986
4539684490 4539675829
4539684490 6044465955
4540453393 4540453394
4540453393 10076263977
4540453394 5093497431
4540453394 4540453405
4540453395 4540453396
4540453395 4540453393
4540453396 4540453400
4540453399 5093497430
4540453400 444501627
4540453404 10076263978
4540453404 4540453406
4540453405 4542621501
4540453405 10076263979
4540453406 4538405136
4542621501 4540453393
4542621501 4540453406
4600895513 4600895521
4600895513 5835644941
4600895513 4600895532
4600895520 4600895521
4600895520 5689629214
4600895520 5689629212
4600895521 4600895520
4600895521 4600895536
4600895521 4600895513
4600895532 4600895513
4600895536 4600895521
4600895536 4600895543
4600895536 444195868
4600895543 6415691012
4600895543 4600895536
4600895552 10130533953
4600895552 98029773
4600895552 443399622
4600898590 5690004049
4600898590 5689491708
4677439911 444195916
4677439911 444195877
4759266267 444881604
4759266267 444491339
5093497426 5710295223
5093497429 5093497426
5093497429 4540453405
5093497430 10076263976
5093497430 5093497431
5093497431 1897734810
5206119178 283139237
5485722628 5710293555
5485722628 5710462009
5485722628 2105986479
5485722628 6610228314
5485722636 6600206283
5485722636 5598303159
5485722650 5485722651
5485722651 5485722650
5485722651 8708871942
5485722651 1758676835
5485805576 5485805590
5485805576 6606566488
5485805576 5710293555
5485805590 5485805576
5485805590 6688570397
5598303159 5485722636
5641890822 5641890823
5641890823 11700202517
5645750065 9970440452
5645750065 9970440452
5662886040 5835644941
5662898857 444195868
5686426699 7985603148
5686449780 6688357744
5689263056 8194657997
5689263058 5689263056
5689263058 5689263069
5689263059 6665950222
5689263067 5700934798
5689263069 6665950221
5689469367 1758651185
5689469369 2276770396
5689469369 1905193207
5689469369 5690004097
5689469404 1905193207
5689491708 4600898590
5689491708 443399622
5689491708 5689491713
5689491713 5689491708
5689499432 443399765
5689629212 5689629214
5689629212 4600895520
5689629212 5690071699
5689629214 5689629212
5689629214 4021954322
5689629214 4600895520
5689629220 5835644941
5690004047 5690004049
5690004049 443399623
5690004049 4600898590
5690004049 5690004047
5690004097 5689469369
5690053986 443399623
5690071699 5689629212
5690071699 5689263067
5698531362 444195916
5698531362 443399623
5698574943 444195877
5698574943 4021935359
5698574943 5698574946
5698574946 5698574943
5700934798 4007661003
5707672763 443393355
5707672763 5707672765
5707672763 5707672764
5707672764 5707672766
5707672764 5707672767
5707672764 5707672763
5707672765 5707672763
5707672765 443393354
5707672765 5707672766
5707672766 5707672764
5707672766 5707672765
5707672766 5707672768
5707672767 443393355
5707672767 5707672764
5707672767 443393330
5707672768 443393349
5707672768 5707672766
5707672768 443393356
5709898561 443393347
5710222979 2701184890
5710222986 5710222979
5710222988 4539684490
5710293555 5485722628
5710293555 5485805576
5710293555 317817107
5710295223 5710295226
5710295226 5093497429
5710295226 5710295223
5710461985 12139084560
5710461985 317818930
5710461996 5710461997
5710461996 4350980207
5710461996 4350981468
5710461997 5710461996
5710461997 4350980207
5710462009 5485722628
5710462009 8341509537
5710462009 4350981467
5710462010 8341509537
5710462010 4350981468
5716251227 4354865562
5716251227 1758676836
5716251227 1758676826
5716251234 1758676836
5716393911 444875703
5716393911 2174649956
5716393911 2174649900
5716422145 5716422146
5716422145 444398139
5716422145 2099143221
5716422146 5716422145
5716448595 6600206282
5716537675 4538404990
5716537675 4538404991
5716537702 3779255494
5716537702 1221161730
5718888621 4538570272
5718888621 2291264767
5831397227 2188036111
5831397227 5831397232
5831397232 443393350
5831397232 443393351
5831397232 5831397227
5831399045 444496327
5831399045 6415612689
5831399053 6603014206
5835644941 4600895513
5835644941 5689629220
5835644941 5662886040
5875603186 5645750065
5875603186 5206119178
6044465949 2701058419
6044465949 4539684489
6044465955 3779242655
6413581240 6661313505
6413595668 6413595670
6413595668 6413595668
6413595668 6413595668
6413595670 6413595668
6413595670 6610228314
6413595670 317817107
6415511751 317366944
6415511751 317366917
6415511751 317366961
6415612689 10269100672
6415612689 444398144
6415667361 1758676842
6415667361 317816915
6415667361 9497427795
6415691012 11993550617
6415691012 4021954322
6441639163 2701051090
6600206282 6600206283
6600206282 5598303159
6600206283 6600206282
6600206283 2701058419
6601012241 6688570393
6601012241 6441639163
6603014206 10682258584
6603014206 6603014207
6603014207 6659072491
6603014207 6659072492
6606566485 10682258584
6606566485 6606566487
6606566485 1758651218
6606566487 317817107
6606566487 6606566485
6606566488 6606566487
6606566488 10682258584
6606566488 5485805576
6610228314 10743484787
6610228314 6413595670
6610228314 5485722628
6610574244 6659072491
6610574244 6610610218
6610610218 1758651219
6610610218 1758651218
6617292919 98029773
6617292919 7985603136
6659072490 1878921405
6659072491 6659072492
6659072491 6610574244
6659072492 6659072490
6661313505 317816915
6661313505 1758651219
6661313505 6413581240
6665950221 5690071699
6665950222 10108025400
6665950222 8194657997
6672440865 7226991850
6672440865 318397553
6677898113 444491339
6677898113 10538711449
6688357407 2099143221
6688357407 6688357406
6688357744 283131195
6688570392 6441639163
6688570392 6688570393
6688570393 5485805590
6688570397 1884758420
6688570397 6688570401
6688570401 1884759843
6689057478 6689057484
6689057478 6689057482
6689057482 6601012241
6689057484 11378892975
6689058288 6689057482
6689058288 6689057484
7119373782 7144483009
7144483009 1884805093
7214028038 2701184890
7226991850 4025155707
7226991850 5686426699
7513713218 7513713219
7513713218 2701184882
7513713218 444875703
7513713219 7513713218
7513713220 1884759843
7985603136 98027697
7985603136 10130533953
7985603138 5686449780
7985603148 6617292919
8194657997 8432307748
8266592516 8266592519
8266592519 8266592516
8266592519 12434945010
8266592519 12434945011
8266592535 8333068241
8266592535 317816925
8266592535 12434945014
8295729267 6044465955
8295729267 5716448595
8333068241 8266592535
8333068241 12434945011
8333068241 12434945010
8340738444 317816925
8341509535 10743484787
8341509537 5710462010
8341509537 5710462009
8341972328 443393350
8341972328 443393343
8341972328 2188036111
8708871942 5485722651
8784588765 8784588766
8784588766 8784588765
8784588766 4007661002
8784588766 4007664792
8841126600 4540453399
8841126603 8841126600
8841126603 10617504197
9497427795 6415667361
9713442735 10254829133
9713442735 444394831
9970440452 2174649882
10076263976 10076263977
10076263976 4540453394
10076263977 4540453396
10076263978 10076263979
10076263978 4542621501
10076263979 5093497426
10108025400 6665950221
10108025400 5689263056
10130533953 4600895552
10130533953 7985603138
10130533953 98027697
10254829133 9713442735
10269100672 6415612689
10269100672 5831399045
10538639547 4107338984
10538639547 8841126603
10538711449 320101377
10538711449 444655895
10617504197 8841126600
10617504197 444501627
10648477324 10648477328
10648477328 4350981467
10648477328 10648477324
10648477328 1758676830
10682258584 6603014206
10682258584 6606566488
10743484787 8341509535
10743484787 6610228314
10743484787 8341509537
11194630360 4538405017
11194630360 4538405006
11378892975 11194630360
11378892975 444881604
11700202517 444394831
11768052436 11768052437
11768052436 4538405137
11768052437 1881949102
11993550617 7144483009
12139084534 12139084536
12139084535 12139084536
12139084536 12139084534
12139084536 12139084535
12139084536 12139084538
12139084537 12139084538
12139084538 12139084536
12139084538 12139084537
12139084538 12139084552
12139084539 12139084548
12139084541 12139084544
12139084544 12139084545
12139084544 12139084541
12139084544 12139084548
12139084545 12139084544
12139084546 12139084551
12139084546 12139084560
12139084546 12139084548
12139084548 12139084539
12139084548 12139084544
12139084548 12139084546
12139084550 12139084551
12139084551 12139084546
12139084551 12139084554
12139084551 12139084550
12139084552 12139084556
12139084552 12139084554
12139084552 12139084538
12139084554 12139084551
12139084554 12139084556
12139084554 12139084552
12139084556 12139084552
12139084556 12139084554
12139084556 317816925
12139084557 12139084560
12139084560 5710461985
12139084560 12139084546
12139084560 12139084557
12434945010 8266592519
12434945010 8333068241
12434945010 12434945011
12434945011 8333068241
12434945011 8266592519
12434945011 12434945010
12434945014 8266592535
